ARENAS:
  Classic:
    NAME: Classic
    TEAMS:
      RED:
        SPAWN: 0.515635100815658, 43.0, 178.50660424739297, 185.58685, 5.5500865
        MAXCLAIM: 46.46643188165755, 139.20000004768372, 199.45980329352219, 182.1731, 67.799934
        MINCLAIM: -45.69123232574202, 7.349839321249768, 149.30000001192093, 342.0653, -39.29992
        VILLAGERS:
          SELL: -5.519022822829546, 34.0, 193.5404012297872, 270.0338, -3.4497452
          BUILD: 6.433786963906681, 34.0, 193.52599412004463, 89.88135, -1.2000461
          COMBAT: 0.5030658062217848, 34.0, 195.5242163566725, 179.25903, -1.2000041
      BLUE:
        SPAWN: 0.4880563105692336, 43.0, -177.41680575047837, 357.18567, 0.15060571
        MAXCLAIM: -45.5558363050375, 139.11522906104054, -198.69999998807907, 185.18297, 28.04979
        MINCLAIM: 46.30000001192093, 7.883459677385045, -148.57914142204942, 148.22891, -15.000003
        VILLAGERS:
          SELL: 6.575108684875875, 34.0, -192.51299518610372, 90.31268, -1.0500032
          BUILD: -5.3888238594818745, 34.0, -192.3878958907525, 269.71332, -1.3500155
          COMBAT: 0.4809590188316788, 34.0, -194.52518487134031, 359.2521, 1.0499579
      YELLOW:
        SPAWN: 178.4459288982217, 43.0, 0.5134732142056719, 92.58251, -1.2888313E-4
        MAXCLAIM: 199.69999998807907, 139.20000004768372, -45.432865708138934, 83.13174, 61.19988
        MINCLAIM: 149.30000001192093, 8.495402791216065, 46.69999998807905, -128.06927, -14.84975
        VILLAGERS:
          SELL: -192.5177112312299, 34.0, -5.516395879836661, 358.96008, -4.500088
          BUILD: -192.42902354138465, 34.0, 6.522825328663453, 179.2572, -1.9501082
          COMBAT: -194.4588275093043, 34.0, 0.49378051630332254, 267.16162, -2.550007
      GREEN:
        SPAWN: -177.46691817770386, 43.0, 0.5036317870736704, 269.33386, 1.0497624
        MAXCLAIM: -198.69999998807907, 139.2000000476836, 46.480922035918915, 89.78656, 84.01494
        MINCLAIM: -148.53843519347976, 7.922947955169861, -45.52361942535497, 115.733, -34.050087
        VILLAGERS:
          SELL: 193.42807866496483, 34.0, 6.538165007983897, 179.40372, -1.500026
          BUILD: 193.47683621271113, 34.0, -5.466078734351734, 0.3029966, -0.89999866
          COMBAT: 195.4431595507108, 34.0, 0.6004275307595665, 92.25359, -1.5000482
    KOTH:
      MAXCLAIM: -3.567803561854122, 58.371811407573425, -3.6999999880790706, 323.99985, 22.950047
      MINCLAIM: 4.699999988079071, 54.0, 4.699999988079071, 169.50012, -16.949999
    LOBBY: 85.6096446169326, 69.0, 132.72562421222239, 251.29987, -3.5300254E-4
    ICON:
      MATERIAL: TNT
      DATA: 0
